#Drug Codes of Interest (note that chemotherapy pertains to chemotherapies typically given to lung cancer patients)


#Anticoagulants 

eliquis.dxs <- c('00003089331', '70518186100', '00003089431', '55154061308', '70518186102', '50090143700', '00003089491', '50090645100', '67296167308', '71610066209', '00003089441', '63629843202', '82982005430', '67296167301', '00003089391', '55154061300', '50090143600', '50090645400', '00003376474', '00003089470', '70518186101', '63629843201', '55154061208', '00003089421', '00003089341', '71610066280', '63629774701', '63629774703', '00003089321', '63629774704', '63629774702', '55154061200', '67296167307', '71610066218' )
heparin.dxs <- c('25021040066', '52533017961', '00338955210', '00264958720', '00069005902', '00009007701', '71288040311', '51688521206', '00409765062', '00404987301', '00409762049', '81952011301', '00409765030', '72572025001', '63323054213', '00409345425', '00409452002', '00409762003', '52533014816', '66298519100', '51688425506', '51688514806', '51662140902', '00409258402', '63323004710', '48433033010', '00409222212', '63739093114', '00641620401', '00409765005', '67457094800', '63323027601', '00409131611', '71288040682', '00781333270', '52584040001', '00069005903', '63323091513', '51688528206', '00404997901', '81952011101', '25021040010', '00409131631', '00641040037', '63739096411', '51688537206', '51688424106', '63323026201', '63323052374', '00781333371', '71839011801', '51688533006', '71288040003', '51688521406', '51688527706', '71288040002', '71288040581', '72572025501', '00409115178', '00409115212', '63323054509', '67457060299', '55154238005', '00264987210', '71288040102', '51662157801', '55154813805', '67457038499', '63323054207', '50090453700', '00781333170', '67457060202', '00409115170', '67457095200', '63323026236', '51688515706', '71839011725', '51662146001', '00409272001', '63323051902', '81952011308', '00781332796', '00409776103', '67457038310', '51662141101', '63323054007', '25021040366', '67457095410', '66298519707', '63323011801', '63739092025', '63323026206', '00781333125', '76045010800', '71288040230', '67457094801', '81952011306', '71288040310', '00069004302', '71288042096', '68083013601', '51688527506', '25021040201', '63739095311', '00409115270', '71839011701', '48433033001', '52533021532', '71288040201', '63323054201', '63323051877', '55154273405', '55154939205', '67457095630', '63323051774', '51688537006', '52533012524', '00069005904', '55154698505', '00409115278', '63323026203', '63323054303', '51688421006', '00264956710', '63323052301', '63323054033', '51688514706', '00409452030', '52584054001', '00409272031', '00641244055', '00409776113', '00641246030', '72572025525', '63323045904', '65219006610', '52533017918', '55154282605', '00409272302', '63323026255', '81565020302', '67457060305', '63323054036', '63739098611', '00264570505', '00409131614', '52533017974', '00069005901', '71839011825', '55154513005', '00781333190', '00409779323', '00641246055', '51688532906', '52533009824', '00409776003', '25021040102', '71288042095', '71288041996', '51688533106', '63323004701', '55154958305', '63739092011', '63739097527', '71288041995', '63323051910', '00781333135', '71288040202', '51662140903', '00641245055', '67457095300', '00409131602', '63323026211', '00409001230', '63323051977', '55154936005', '00409762013', '51688515506', '51688410306', '51688423506', '52533002924', '00069013703', '55154282705', '51688521106', '55154813105', '65219006601', '55154939705', '71288042396', '68083013625', '51688521306', '71288042195', '00409140227', '00641041037', '00409272301', '67457060399', '71288040681', '51688516206', '52533009830', '48433032901', '67457037499', '00409272030', '67457095600', '63323054067', '63739098625', '48433032910', '00409131632', '81952011209', '00409776013', '00069006201', '55154937705', '63739097513', '67457095101', '52533010018', '00409100520', '63323051901', '71288040101', '51688530206', '51688512406', '25021040210', '25021040304', '51688538006',
                 '00409131613', '51688515906', '00641620410', '71288042295', '63323054302', '63323054313', '63323051701', '63323091501', '00641619910', '51688520806', '52584040201', '00069006202', '81952011106', '63323054209', '25021040401', '63323054901', '00641247055', '00338042812', '52533014238', '00409779452', '00338043103', '71288040211', '51688983306', '00409272130', '00409765152', '67457095204', '51688422606', '63323054057', '00409131625', '63323026209', '51688514906', '52584026201', '81952011502', '00781333196', '00641245030', '63323054003', '67457038510', '55154474905', '51688423706', '63323055701', '51688516506', '63739095325', '51688515806', '51688532806', '00338055003', '63323091503', '00338042418', '63323054001', '52533009640', '00409272101', '51688527606', '52533010632', '00069004301', '81952011204', '00409272032', '63739096425', '67457095001', '81952011404', '81952011601', '52533009724', '52584054201', '63323027602', '63739094229', '67457095400', '63323054013', '51688515106', '51688638406', '00409140201', '63739090012', '67457095000', '71288040580', '52584011103', '00781332771', '81952011210', '52533013830', '00409272002', '00264957710', '67457095100', '52533012526', '71288040404', '51688521006', '00409272003', '51688533206', '00409115214', '00338054903', '71288040402', '51688638206', '67457038599', '81952011507', '00069005801', '00409345405', '51662143401', '00781333171', '00338955620', '00641619901', '67457037212', '51662148601', '55154698908', '00409779313', '81952011409', '00409765052', '00409258102', '00409272330', '63739094215', '67457038431', '63323054015', '00409315020', '63739093128', '71288042395', '81952011205', '25021040067', '52533010470', '00409140212', '51688414806', '00409762059', '51662140901', '00409131612', '25021040266', '52584015178', '51688521706', '63739090026', '71288042196', '71288042596', '00409222201', '76045010810', '00404987201', '63323045909', '51688528706', '71288040210', '51688516006', '00409765103', '81952011206', '00409131601', '63323011805', '67457038399', '71288042496', '51688515206', '52533021640', '67457037299', '63323026226', '00409765113', '00409115112', '71288040301', '00781333396', '63739090114', '55154935905', '00409779362', '63323054031', '00641247030', '67457037312', '63323054011', '25021040301', '00409272331', '67457095310', '25021040001', '00069005802', '00409315005', '00338043304', '00338055202', '63323045914', '51688425106', '51688515606', '52584058102', '71288040405', '63323054214', '51688537106', '52533021126', '00409779352', '51688515006', '00641040012', '00409765162', '00641039137', '00641041012', '72572025025', '81952011606', '55154958505', '71288040401', '67457037399', '63323052277', '00781332795', '81952011201', '55154935405', '67457094900', '00409779462', '71288042495', '63323054005', '00641244030', '71288040231', '67457094901', '51688514606', '51688527806', '55154699605', '00409131666', '71288042296', '63323052201', '00409140231', '00641039112', '52584015270', '81565020301', '00781333225', '63323054204', '51688423806', '51688423906', '81952011303', '51688978806', '55154937305', '00409140211', '71288042595', '00409100501', '00264570510', '63323051801', '00409001202', '00069013701', '52584011602', '71288040302', '67457037412', '25021040030', '63739090128', '51688521606')
xarelto.dxs <- c('50458058452', '71610069042', '50458057501', '50458058001', '50090446900', '55154142408', '50458057890', '50458058090', '50458058030', '50458057718', '50458057989', '50458057907', '50458058451', '50458058007', '55154142400', '55154142200', '50458057801', '50090446800', '50458057830', '50458057999', '50458057701', '50458057990', '50090362500', '50458058010', '50090363900', '50458057810', '69189057801', '50458057910', '50458057807', '50458057714', '50458057930', '50458057760', '50458057710', '50458057814', '55154142308', '50458057901')
